0.021567964926362038
0.03734016418457031
0.47430309653282166
0.024236012250185013
0.019679546356201172
0.0014587879413738847
0.020781636238098145
0.10312340408563614
0.012242269702255726
0.007313728332519531
0.1089576706290245
0.0448741689324379
0.0005991458892822266
0.001329708145931363
0.036250997334718704
0.0001636505185160786
0.0003353118954692036
0.051569223403930664
0.00014696121797896922
9.250640687241685e-06
2.002716064453125e-05
0.0011112212669104338
0.001096105552278459
2.3937225705594756e-05
0.00041322706965729594
0.0005431651952676475
0.00027022362337447703
0.00017752646817825735
3.24249267578125e-05
2.918243444582913e-05
8.268356032203883e-05
5.0878523325081915e-05
0.0003159046173095703
1.831054760259576e-05
1.7499924069852568e-05
9.098053124034777e-05
0.000125885009765625
7.152557373046875e-07
4.558563159662299e-05
3.6525725590763614e-05
3.886222839355469e-05
0.0001456737518310547
0.0001224517764057964
6.546974327648059e-05
0.0002448558807373047
0.00026340485783293843
0.0006354808574542403
5.722046125811175e-07
0.001046037650667131
8.20159948489163e-06
0.00016636848158668727
