0.07027599960565567
0.21157285571098328
0.6427029371261597
0.19270849227905273
0.004937076475471258
0.04492213577032089
0.004831671714782715
0.22324487566947937
0.0066710710525512695
0.006777286529541016
0.027399206534028053
0.0067803384736180305
0.009535670280456543
0.0024526596534997225
0.002361774444580078
2.079009937006049e-05
0.0005692958948202431
5.993842933094129e-05
0.0022978782653808594
0.00044879913912154734
3.223419116693549e-05
0.002312564756721258
0.0007298946147784591
4.2247771489201114e-05
0.0003314971982035786
0.00059084891108796
0.00019021033949684352
0.0002079010009765625
0.0005618572467938066
1.850128137448337e-05
0.0026716231368482113
0.00015926361083984375
0.0005987167241983116
0.00020093917555641383
0.0007491588476113975
3.24249276673072e-06
0.00028567312983796
8.816718764137477e-05
0.00011267662193858996
0.0003227233828511089
1.4591217222914565e-05
0.00035352708073332906
2.136230432370212e-05
1.8405913579044864e-05
0.0002344131498830393
5.321502612787299e-05
0.0003218650817871094
0.00042791367741301656
4.77790817967616e-05
0.0005439758533611894
2.059936559817288e-05
