0.07676909863948822
0.09104041755199432
0.09640014171600342
0.0025463819038122892
0.0489308126270771
0.015462398529052734
0.026523495092988014
0.011606121435761452
0.0007593155023641884
0.00017249584197998047
0.0035920857917517424
0.014458954334259033
0.011288261041045189
0.0024174689315259457
0.0004659414407797158
0.0017497062217444181
0.002735710237175226
0.019447077065706253
0.0002909422037191689
0.0003283500554971397
0.038309574127197266
0.011269694194197655
0.00665812473744154
0.0011905909050256014
0.002779030706733465
0.002294683363288641
0.0016432047123089433
0.0001612186460988596
0.020164823159575462
0.00033109186915680766
0.00021097660646773875
0.002254581544548273
0.0006163120269775391
0.0052616833709180355
1.3685226804227568e-05
0.0004456281603779644
5.2118302846793085e-05
0.001407194184139371
0.0009686708217486739
0.004623031709343195
0.0020316005684435368
0.0002766847610473633
1.144409225162235e-06
4.947185516357422e-05
0.00036876200465485454
0.0025302409194409847
0.001152634620666504
0.0004320383013691753
0.0003781318664550781
0.0010700225830078125
0.00010688304610084742
