0.14481064677238464
0.06258927285671234
0.1329561471939087
0.2511034905910492
0.046615660190582275
0.0005336761241778731
0.28157535195350647
0.00452997675165534
0.08063805103302002
0.001959562301635742
0.0002952098730020225
0.000575804733671248
5.6600569223519415e-05
0.00029485224513337016
0.004772782325744629
0.0021376132499426603
0.002572226570919156
0.00010616779036354274
4.506111054070061e-06
0.0001439571351511404
0.0015099525917321444
0.006720423698425293
0.002715468406677246
1.3828277587890625e-05
0.011092066764831543
0.09061206877231598
0.0016652107005938888
6.055831818230217e-06
0.0004547119024209678
0.001061606453731656
9.241104271495715e-05
7.629394644936838e-07
0.18315666913986206
0.010096907615661621
0.0008206367492675781
2.200603557866998e-05
1.9407272702665068e-05
8.556842658435926e-05
7.315874245250598e-05
0.00010399818711448461
6.675720101156912e-07
2.250671423098538e-05
0.07633806765079498
0.30479303002357483
0.01604781113564968
0.00013761520676780492
4.76837158203125e-06
2.765655608527595e-06
7.390975724774762e-07
0.0051302434876561165
0.0002883195993490517
